  numero_de_barras :    14
  numero_de_lineas :    20  
  Tensao_base      : 11400
  Unidade_demanda  :     3
  Unidade_linhas   :     2
  
    1   3   1.060   232.4000   -16.9           0      0.0        0
    2   2   1.045    40.0000    42.4     21.7000	 12.7        0
    3   2   1.010          0    23.4     94.2000	 19.0        0
    4   0   0.000          0     0.0     47.8000	 -3.9        0
    5   0   0.000          0     0.0      7.6000	  1.6        0
    6   2   1.070          0    12.2     11.2000	  7.5        0
    7   0   0.000          0     0.0           0	  0.0        0
    8   2   1.090          0    17.4           0	  0.0        0
    9   0   0.000          0     0.0     29.5000	 16.6        0.1900
   10   0   0.000          0     0.0      9.0000	  5.8        0
   11   0   0.000          0     0.0      3.5000	  1.8        0
   12   0   0.000          0     0.0      6.1000	  1.6        0
   13   0   0.000          0     0.0     13.5000	  5.8        0
   14   0   0.000          0     0.0     14.9000	  5.0        0
									        
    1   2  0.01938   0.05917      0.0528
    1   5  0.05403   0.22304	  0.0492
    2   3  0.04699   0.19797	  0.0438
    2   4  0.05811   0.17632	  0.0340
    2   5  0.05695   0.17388	  0.0346
    3   4  0.06701   0.17103	  0.0128
    4   5  0.01335   0.04211	       0
    4   7  0.0       0.20912	       0
    4   9  0.0       0.55618	       0
    5   6  0.0       0.25202	       0
    6  11  0.09498   0.19890	       0
    6  12  0.12291   0.25581	       0
    6  13  0.06615   0.13027	       0
    7   8  0.0       0.17615	       0
    7   9  0.0       0.11001	       0
    9  10  0.03181   0.08450	       0
    9  14  0.12711   0.27038	       0
   10  11  0.08205   0.19207	       0
   12  13  0.22092   0.19988	       0
   13  14  0.17093   0.34802	       0
   
    
  
 
   1 Bus 1     HV  1  1  3 1.060    0.0      0.0      0.0    232.4   -16.9     0.0  1.060     0.0     0.0   0.0    0.0        0
   2 Bus 2     HV  1  1  2 1.045  -4.98     21.7     12.7     40.0    42.4     0.0  1.045    50.0   -40.0   0.0    0.0        0
   3 Bus 3     HV  1  1  2 1.010 -12.72     94.2     19.0      0.0    23.4     0.0  1.010    40.0     0.0   0.0    0.0        0
   4 Bus 4     HV  1  1  0 1.019 -10.33     47.8     -3.9      0.0     0.0     0.0  0.0       0.0     0.0   0.0    0.0        0
   5 Bus 5     HV  1  1  0 1.020  -8.78      7.6      1.6      0.0     0.0     0.0  0.0       0.0     0.0   0.0    0.0        0
   6 Bus 6     LV  1  1  2 1.070 -14.22     11.2      7.5      0.0    12.2     0.0  1.070    24.0    -6.0   0.0    0.0        0
   7 Bus 7     ZV  1  1  0 1.062 -13.37      0.0      0.0      0.0     0.0     0.0  0.0       0.0     0.0   0.0    0.0        0
   8 Bus 8     TV  1  1  2 1.090 -13.36      0.0      0.0      0.0    17.4     0.0  1.090    24.0    -6.0   0.0    0.0        0
   9 Bus 9     LV  1  1  0 1.056 -14.94     29.5     16.6      0.0     0.0     0.0  0.0       0.0     0.0   0.0    0.19       0
  10 Bus 10    LV  1  1  0 1.051 -15.10      9.0      5.8      0.0     0.0     0.0  0.0       0.0     0.0   0.0    0.0        0
  11 Bus 11    LV  1  1  0 1.057 -14.79      3.5      1.8      0.0     0.0     0.0  0.0       0.0     0.0   0.0    0.0        0
  12 Bus 12    LV  1  1  0 1.055 -15.07      6.1      1.6      0.0     0.0     0.0  0.0       0.0     0.0   0.0    0.0        0
  13 Bus 13    LV  1  1  0 1.050 -15.16     13.5      5.8      0.0     0.0     0.0  0.0       0.0     0.0   0.0    0.0        0
  14 Bus 14    LV  1  1  0 1.036 -16.04     14.9      5.0      0.0     0.0     0.0  0.0       0.0     0.0   0.0    0.0        0
  
  
   1    2  1  1 1 0  0.01938   0.05917     0.0528     0     0     0    0 0  0.0       0.0 0.0    0.0     0.0    0.0   0.0
   1    5  1  1 1 0  0.05403   0.22304     0.0492     0     0     0    0 0  0.0       0.0 0.0    0.0     0.0    0.0   0.0
   2    3  1  1 1 0  0.04699   0.19797     0.0438     0     0     0    0 0  0.0       0.0 0.0    0.0     0.0    0.0   0.0
   2    4  1  1 1 0  0.05811   0.17632     0.0340     0     0     0    0 0  0.0       0.0 0.0    0.0     0.0    0.0   0.0
   2    5  1  1 1 0  0.05695   0.17388     0.0346     0     0     0    0 0  0.0       0.0 0.0    0.0     0.0    0.0   0.0
   3    4  1  1 1 0  0.06701   0.17103     0.0128     0     0     0    0 0  0.0       0.0 0.0    0.0     0.0    0.0   0.0
   4    5  1  1 1 0  0.01335   0.04211     0.0        0     0     0    0 0  0.0       0.0 0.0    0.0     0.0    0.0   0.0
   4    7  1  1 1 0  0.0       0.20912     0.0        0     0     0    0 0  0.978     0.0 0.0    0.0     0.0    0.0   0.0
   4    9  1  1 1 0  0.0       0.55618     0.0        0     0     0    0 0  0.969     0.0 0.0    0.0     0.0    0.0   0.0
   5    6  1  1 1 0  0.0       0.25202     0.0        0     0     0    0 0  0.932     0.0 0.0    0.0     0.0    0.0   0.0
   6   11  1  1 1 0  0.09498   0.19890     0.0        0     0     0    0 0  0.0       0.0 0.0    0.0     0.0    0.0   0.0
   6   12  1  1 1 0  0.12291   0.25581     0.0        0     0     0    0 0  0.0       0.0 0.0    0.0     0.0    0.0   0.0
   6   13  1  1 1 0  0.06615   0.13027     0.0        0     0     0    0 0  0.0       0.0 0.0    0.0     0.0    0.0   0.0
   7    8  1  1 1 0  0.0       0.17615     0.0        0     0     0    0 0  0.0       0.0 0.0    0.0     0.0    0.0   0.0
   7    9  1  1 1 0  0.0       0.11001     0.0        0     0     0    0 0  0.0       0.0 0.0    0.0     0.0    0.0   0.0
   9   10  1  1 1 0  0.03181   0.08450     0.0        0     0     0    0 0  0.0       0.0 0.0    0.0     0.0    0.0   0.0
   9   14  1  1 1 0  0.12711   0.27038     0.0        0     0     0    0 0  0.0       0.0 0.0    0.0     0.0    0.0   0.0
  10   11  1  1 1 0  0.08205   0.19207     0.0        0     0     0    0 0  0.0       0.0 0.0    0.0     0.0    0.0   0.0
  12   13  1  1 1 0  0.22092   0.19988     0.0        0     0     0    0 0  0.0       0.0 0.0    0.0     0.0    0.0   0.0
  13   14  1  1 1 0  0.17093   0.34802     0.0        0     0     0    0 0  0.0       0.0 0.0    0.0     0.0    0.0   0.0

 
 
 =====================================================================
 dados das barras
 =====================================================================
 numero da barra      geração    demanda       capacito shunt
 =====================================================================
 
 
 
 =====================================================================
 dados linhas
 =====================================================================
 nó inicial   |  nó final  |   R   |  X   |  Bsh
 
 
 
 
 
 
  
	//////////////////////////////////
	NOTA:
	
  Tensao_base      : Tensao do sistema em kV
  Unidade_demanda  : unidade da demanda:  1 --> VA,   2 --> kVA,  3 --> MVA
  Unidade_linhas   : Unidade dos parametros das linhas    1 --> ohm,  2 --> P.U
  
 
 
 
 
 
 
 Código maximo de una matriz:

int matriz[FILAS][COLUMNAS];

// llenar la matriz

int i;
int j;
int maximo = matriz[0][0];  // asumo que el elemento mayor de la matriz está en la primer posición....
for(i = 0; i < FILAS; ++i){
    for(j=0; j < COLUMNAS; ++j){
        if(maximo < matriz[i][j]){
            maximo = matriz[i][j];
        }
    }
}
  