  numero_de_barras :    10
  numero_de_lineas :    15  
  Tensao_base      : 11400
  Unidade_demanda  :     3
  Unidade_linhas   :     2

    1   3   1.060   232.4000   -16.9           0      0.0        0
    2   2   1.045    40.0000    42.4     21.7000	 12.7        0
    3   2   1.010          0    23.4     94.2000	 19.0        0
    4   0   0.000          0     0.0     47.8000	 -3.9        0
    5   0   0.000          0     0.0      7.6000	  1.6        0
    6   2   1.070          0    12.2     11.2000	  7.5        0
    7   0   0.000          0     0.0           0	  0.0        0
    8   2   1.090          0    17.4           0	  0.0        0
    9   0   0.000          0     0.0     29.5000	 16.6        0.1900
   10   0   0.000          0     0.0      9.0000	  5.8        0
  								        
 1  2  0.01938   0.05917      0.0528
 1  3  0.05403   0.22304	  0.0492
 1  4  0.04699   0.19797	  0.0438
 1  5  0.05811   0.17632	  0.0340
 1  6  0.05695   0.17388	  0.0346
 1  8  0.01335   0.04211	       0
 2  3  0.06701   0.17103	  0.0128
 2  8  0.01335   0.04211	       0
 3  9  0.0       0.20912	       0
 4  7  0.0       0.55618	       0
 6  8  0.0       0.25202	       0 
 6  9  0.09498   0.19890	       0
 7  8  0.03181   0.08450	       0
 7 10  0.12291   0.25581	       0
 8  9  0.06615   0.13027	       0
   
   
   
   