  numero_de_barras :    118
  numero_de_lineas :    186  
  Tensao_base      : 11400
  Unidade_demanda  :     3
  Unidade_linhas   :     2
  

    1     2    0.9550              0         0   51.0000         27.0000         0
    2     0         0              0         0   20.0000	      9.0000         0
    3     0         0              0         0   39.0000	     10.0000         0
    4     2    0.9980        -9.0000         0   30.0000	     12.0000         0
    5     0         0              0         0         0	           0   -0.4000
    6     2    0.9900              0         0   52.0000	     22.0000         0
    7     0         0              0         0   19.0000	      2.0000         0
    8     2    1.0150       -28.0000         0         0	           0         0
    9     0         0              0         0         0	           0         0
   10     2    1.0500       450.0000         0         0	           0         0
   11     0         0              0         0   70.0000	     23.0000         0
   12     2    0.9900        85.0000         0   47.0000	     10.0000         0
   13     0         0              0         0   34.0000	     16.0000         0
   14     0         0              0         0   14.0000	      1.0000         0
   15     2    0.9700              0         0   90.0000	     30.0000         0
   16     0         0              0         0   25.0000	     10.0000         0
   17     0         0              0         0   11.0000	      3.0000         0
   18     2    0.9730              0         0   60.0000	     34.0000         0
   19     2    0.9620              0         0   45.0000	     25.0000         0
   20     0         0              0         0   18.0000	      3.0000         0
   21     0         0              0         0   14.0000	      8.0000         0
   22     0         0              0         0   10.0000	      5.0000         0
   23     0         0              0         0    7.0000	      3.0000         0
   24     2    0.9920       -13.0000         0         0	           0         0
   25     2    1.0500       220.0000         0         0	           0         0
   26     2    1.0150       314.0000         0         0	           0         0
   27     2    0.9680        -9.0000         0   62.0000	     13.0000         0
   28     0         0              0         0   17.0000	      7.0000         0
   29     0         0              0         0   24.0000	      4.0000         0
   30     0         0              0         0         0	           0         0
   31     2    0.9670         7.0000         0   43.0000	     27.0000         0
   32     2    0.9630              0         0   59.0000	     23.0000         0
   33     0         0              0         0   23.0000	      9.0000         0
   34     2    0.9840              0         0   59.0000	     26.0000    0.1400
   35     0         0              0         0   33.0000	      9.0000         0
   36     2    0.9800              0         0   31.0000	     17.0000         0
   37     0         0              0         0         0	           0   -0.2500
   38     0         0              0         0         0	           0         0
   39     0         0              0         0   27.0000	     11.0000         0
   40     2    0.9700       -46.0000         0   20.0000	     23.0000         0
   41     0         0              0         0   37.0000	     10.0000         0
   42     2    0.9850       -59.0000         0   37.0000	     23.0000         0
   43     0         0              0         0   18.0000	      7.0000         0
   44     0         0              0         0   16.0000	      8.0000    0.1000
   45     0         0              0         0   53.0000	     22.0000    0.1000
   46     2    1.0050        19.0000         0   28.0000	     10.0000    0.1000
   47     0         0              0         0   34.0000	           0         0
   48     0         0              0         0   20.0000	     11.0000    0.1500
   49     2    1.0250       204.0000         0   87.0000	     30.0000         0
   50     0         0              0         0   17.0000	      4.0000         0
   51     0         0              0         0   17.0000	      8.0000         0
   52     0         0              0         0   18.0000	      5.0000         0
   53     0         0              0         0   23.0000	     11.0000         0
   54     2    0.9550        48.0000         0  113.0000	     32.0000         0
   55     2    0.9520              0         0   63.0000	     22.0000         0
   56     2    0.9540              0         0   84.0000	     18.0000         0
   57     0         0              0         0   12.0000	      3.0000         0
   58     0         0              0         0   12.0000	      3.0000         0
   59     2    0.9850       155.0000         0  277.0000	    113.0000         0
   60     0         0              0         0   78.0000	      3.0000         0
   61     2    0.9950       160.0000         0         0	           0         0
   62     2    0.9980              0         0   77.0000	     14.0000         0
   63     0         0              0         0         0	           0         0
   64     0         0              0         0         0	           0         0
   65     2    1.0050       391.0000         0         0	           0         0
   66     2    1.0500       392.0000         0   39.0000	     18.0000         0
   67     0         0              0         0   28.0000	      7.0000         0
   68     0         0              0         0         0	           0         0
   69     3    1.0350       516.4000         0         0	           0         0
   70     2    0.9840              0         0   66.0000	     20.0000         0
   71     0         0              0         0         0	           0         0
   72     2    0.9800       -12.0000         0         0	           0         0
   73     2    0.9910        -6.0000         0         0	           0         0
   74     2    0.9580              0         0   68.0000	     27.0000    0.1200
   75     0         0              0         0   47.0000	     11.0000         0
   76     2    0.9430              0         0   68.0000	     36.0000         0
   77     2    1.0060              0         0   61.0000	     28.0000         0
   78     0         0              0         0   71.0000	     26.0000         0
   79     0         0              0         0   39.0000	     32.0000    0.2000
   80     2    1.0400       477.0000         0  130.0000	     26.0000         0
   81     0         0              0         0         0	           0         0
   82     0         0              0         0   54.0000	     27.0000    0.2000
   83     0         0              0         0   20.0000	     10.0000    0.1000
   84     0         0              0         0   11.0000	      7.0000         0
   85     2    0.9850              0         0   24.0000	     15.0000         0
   86     0         0              0         0   21.0000	     10.0000         0
   87     2    1.0150         4.0000         0         0	           0         0
   88     0         0              0         0   48.0000	     10.0000         0
   89     2    1.0050       607.0000         0         0	           0         0
   90     2    0.9850       -85.0000         0   78.0000	     42.0000         0
   91     2    0.9800       -10.0000         0         0	           0         0
   92     2    0.9900              0         0   65.0000	     10.0000         0
   93     0         0              0         0   12.0000	      7.0000         0
   94     0         0              0         0   30.0000	     16.0000         0
   95     0         0              0         0   42.0000	     31.0000         0
   96     0         0              0         0   38.0000	     15.0000         0
   97     0         0              0         0   15.0000	      9.0000         0
   98     0         0              0         0   34.0000	      8.0000         0
   99     2    1.0100       -42.0000         0         0	           0         0
  100     2    1.0170       252.0000         0   37.0000	     18.0000         0
  101     0         0              0         0   22.0000	     15.0000         0
  102     0         0              0         0    5.0000	      3.0000         0
  103     2    1.0100        40.0000         0   23.0000	     16.0000         0
  104     2    0.9710              0         0   38.0000	     25.0000         0
  105     2    0.9650              0         0   31.0000	     26.0000    0.2000
  106     0         0              0         0   43.0000	     16.0000         0
  107     2    0.9520       -22.0000         0   28.0000	     12.0000    0.0600
  108     0         0              0         0    2.0000	      1.0000         0
  109     0         0              0         0    8.0000	      3.0000         0
  110     2    0.9730              0         0   39.0000	     30.0000    0.0600
  111     2    0.9800        36.0000         0         0	           0         0
  112     2    0.9750       -43.0000         0   25.0000	     13.0000         0
  113     2    0.9930        -6.0000         0         0	           0         0
  114     0         0              0         0    8.0000	      3.0000         0
  115     0         0              0         0   22.0000	      7.0000         0
  116     2    1.0050      -184.0000         0         0	           0         0
  117     0         0              0         0   20.0000	      8.0000         0
  118     0         0              0         0   33.0000	     15.0000         0



   1    2    0.03030   0.09990    0.02540
   1    3    0.01290   0.04240    0.01082
   4    5    0.00176   0.00798    0.00210
   3    5    0.02410   0.10800    0.02840
   5    6    0.01190   0.05400    0.01426
   6    7    0.00459   0.02080    0.00550
   8    9    0.00244   0.03050    1.16200
   8    5    0.00000   0.02670    0.0    
   9   10    0.00258   0.03220    1.23000
   4   11    0.02090   0.06880    0.01748
   5   11    0.02030   0.06820    0.01738
  11   12    0.00595   0.01960    0.00502
   2   12    0.01870   0.06160    0.01572
   3   12    0.04840   0.16000    0.04060
   7   12    0.00862   0.03400    0.00874
  11   13    0.02225   0.07310    0.01876
  12   14    0.02150   0.07070    0.01816
  13   15    0.07440   0.24440    0.06268
  14   15    0.05950   0.19500    0.05020
  12   16    0.02120   0.08340    0.02140
  15   17    0.01320   0.04370    0.04440
  16   17    0.04540   0.18010    0.04660
  17   18    0.01230   0.05050    0.01298
  18   19    0.01119   0.04930    0.01142
  19   20    0.02520   0.11700    0.02980
  15   19    0.01200   0.03940    0.01010
  20   21    0.01830   0.08490    0.02160
  21   22    0.02090   0.09700    0.02460
  22   23    0.03420   0.15900    0.04040
  23   24    0.01350   0.04920    0.04980
  23   25    0.01560   0.08000    0.08640
  26   25    0.00000   0.03820    0.0    
  25   27    0.03180   0.16300    0.17640
  27   28    0.01913   0.08550    0.02160
  28   29    0.02370   0.09430    0.02380
  30   17    0.00000   0.03880    0.0    
   8   30    0.00431   0.05040    0.51400
  26   30    0.00799   0.08600    0.90800
  17   31    0.04740   0.15630    0.03990
  29   31    0.01080   0.03310    0.00830
  23   32    0.03170   0.11530    0.11730
  31   32    0.02980   0.09850    0.02510
  27   32    0.02290   0.07550    0.01926
  15   33    0.03800   0.12440    0.03194
  19   34    0.07520   0.24700    0.06320
  35   36    0.00224   0.01020    0.00268
  35   37    0.01100   0.04970    0.01318
  33   37    0.04150   0.14200    0.03660
  34   36    0.00871   0.02680    0.00568
  34   37    0.00256   0.00940    0.00984
  38   37    0.00000   0.03750    0.0    
  37   39    0.03210   0.10600    0.02700
  37   40    0.05930   0.16800    0.04200
  30   38    0.00464   0.05400    0.42200
  39   40    0.01840   0.06050    0.01552
  40   41    0.01450   0.04870    0.01222
  40   42    0.05550   0.18300    0.04660
  41   42    0.04100   0.13500    0.03440
  43   44    0.06080   0.24540    0.06068
  34   43    0.04130   0.16810    0.04226
  44   45    0.02240   0.09010    0.02240
  45   46    0.04000   0.13560    0.03320
  46   47    0.03800   0.12700    0.03160
  46   48    0.06010   0.18900    0.04720
  47   49    0.01910   0.06250    0.01604
  42   49    0.07150   0.32300    0.08600
  42   49    0.07150   0.32300    0.08600
  45   49    0.06840   0.18600    0.04440
  48   49    0.01790   0.05050    0.01258
  49   50    0.02670   0.07520    0.01874
  49   51    0.04860   0.13700    0.03420
  51   52    0.02030   0.05880    0.01396
  52   53    0.04050   0.16350    0.04058
  53   54    0.02630   0.12200    0.03100
  49   54    0.07300   0.28900    0.07380
  49   54    0.08690   0.29100    0.07300
  54   55    0.01690   0.07070    0.02020
  54   56    0.00275   0.00955    0.00732
  55   56    0.00488   0.01510    0.00374
  56   57    0.03430   0.09660    0.02420
  50   57    0.04740   0.13400    0.03320
  56   58    0.03430   0.09660    0.02420
  51   58    0.02550   0.07190    0.01788
  54   59    0.05030   0.22930    0.05980
  56   59    0.08250   0.25100    0.05690
  56   59    0.08030   0.23900    0.05360
  55   59    0.04739   0.21580    0.05646
  59   60    0.03170   0.14500    0.03760
  59   61    0.03280   0.15000    0.03880
  60   61    0.00264   0.01350    0.01456
  60   62    0.01230   0.05610    0.01468
  61   62    0.00824   0.03760    0.00980
  63   59    0.00000   0.03860    0.0    
  63   64    0.00172   0.02000    0.21600
  64   61    0.00000   0.02680    0.0    
  38   65    0.00901   0.09860    1.04600
  64   65    0.00269   0.03020    0.38000
  49   66    0.01800   0.09190    0.02480
  49   66    0.01800   0.09190    0.02480
  62   66    0.04820   0.21800    0.05780
  62   67    0.02580   0.11700    0.03100
  65   66    0.00000   0.03700    0.0    
  66   67    0.02240   0.10150    0.02682
  65   68    0.00138   0.01600    0.63800
  47   69    0.08440   0.27780    0.07092
  49   69    0.09850   0.32400    0.08280
  68   69    0.00000   0.03700    0.0    
  69   70    0.03000   0.12700    0.12200
  24   70    0.00221   0.41150    0.10198
  70   71    0.00882   0.03550    0.00878
  24   72    0.04880   0.19600    0.04880
  71   72    0.04460   0.18000    0.04444
  71   73    0.00866   0.04540    0.01178
  70   74    0.04010   0.13230    0.03368
  70   75    0.04280   0.14100    0.03600
  69   75    0.04050   0.12200    0.12400
  74   75    0.01230   0.04060    0.01034
  76   77    0.04440   0.14800    0.03680
  69   77    0.03090   0.10100    0.10380
  75   77    0.06010   0.19990    0.04978
  77   78    0.00376   0.01240    0.01264
  78   79    0.00546   0.02440    0.00648
  77   80    0.01700   0.04850    0.04720
  77   80    0.02940   0.10500    0.02280
  79   80    0.01560   0.07040    0.01870
  68   81    0.00175   0.02020    0.80800
  81   80    0.00000   0.03700    0.0    
  77   82    0.02980   0.08530    0.08174
  82   83    0.01120   0.03665    0.03796
  83   84    0.06250   0.13200    0.02580
  83   85    0.04300   0.14800    0.03480
  84   85    0.03020   0.06410    0.01234
  85   86    0.03500   0.12300    0.02760
  86   87    0.02828   0.20740    0.04450
  85   88    0.02000   0.10200    0.02760
  85   89    0.02390   0.17300    0.04700
  88   89    0.01390   0.07120    0.01934
  89   90    0.05180   0.18800    0.05280
  89   90    0.02380   0.09970    0.10600
  90   91    0.02540   0.08360    0.02140
  89   92    0.00990   0.05050    0.05480
  89   92    0.03930   0.15810    0.04140
  91   92    0.03870   0.12720    0.03268
  92   93    0.02580   0.08480    0.02180
  92   94    0.04810   0.15800    0.04060
  93   94    0.02230   0.07320    0.01876
  94   95    0.01320   0.04340    0.01110
  80   96    0.03560   0.18200    0.04940
  82   96    0.01620   0.05300    0.05440
  94   96    0.02690   0.08690    0.02300
  80   97    0.01830   0.09340    0.02540
  80   98    0.02380   0.10800    0.02860
  80   99    0.04540   0.20600    0.05460
  92  100    0.06480   0.29500    0.04720
  94  100    0.01780   0.05800    0.06040
  95   96    0.01710   0.05470    0.01474
  96   97    0.01730   0.08850    0.02400
  98  100    0.03970   0.17900    0.04760
  99  100    0.01800   0.08130    0.02160
 100  101    0.02770   0.12620    0.03280
  92  102    0.01230   0.05590    0.01464
 101  102    0.02460   0.11200    0.02940
 100  103    0.01600   0.05250    0.05360
 100  104    0.04510   0.20400    0.05410
 103  104    0.04660   0.15840    0.04070
 103  105    0.05350   0.16250    0.04080
 100  106    0.06050   0.22900    0.06200
 104  105    0.00994   0.03780    0.00986
 105  106    0.01400   0.05470    0.01434
 105  107    0.05300   0.18300    0.04720
 105  108    0.02610   0.07030    0.01844
 106  107    0.05300   0.18300    0.04720
 108  109    0.01050   0.02880    0.00760
 103  110    0.03906   0.18130    0.04610
 109  110    0.02780   0.07620    0.02020
 110  111    0.02200   0.07550    0.02000
 110  112    0.02470   0.06400    0.06200
  17  113    0.00913   0.03010    0.00768
  32  113    0.06150   0.20300    0.05180
  32  114    0.01350   0.06120    0.01628
  27  115    0.01640   0.07410    0.01972
 114  115    0.00230   0.01040    0.00276
  68  116    0.00034   0.00405    0.16400
  12  117    0.03290   0.14000    0.03580
  75  118    0.01450   0.04810    0.01198
  76  118    0.01640   0.05440    0.01356