  numero_de_barras :    300
  numero_de_lineas :    411 
  Tensao_base      :  11400
  Unidade_demanda  :      3
  Unidade_linhas   :      2
  
  
   1   0     1.0284      0.00    0.00     90.00    49.00      0.0000
   2   0     1.0354      0.00    0.00     56.00    15.00      0.0000
   3   0     0.9971      0.00    0.00     20.00     0.00      0.0000
   4   0     1.0308      0.00    0.00      0.00     0.00      0.0000
   5   0     1.0191      0.00    0.00    353.00   130.00      0.0000
   6   0     1.0312      0.00    0.00    120.00    41.00      0.0000
   7   0     0.9934      0.00    0.00      0.00     0.00      0.0000
   8   2     1.0153     -5.00    0.00     58.00    14.00      0.0000
   9   0     1.0034      0.00    0.00     96.00    43.00      0.0000
  10   2     1.0205     -5.00    0.00    148.00    33.00      0.0000
  11   0     1.0057      0.00    0.00     83.00    21.00      0.0000
  12   0     0.9974      0.00    0.00      0.00     0.00      0.0000
  13   0     0.9977      0.00    0.00     58.00    10.00      0.0000
  14   0     0.9991      0.00    0.00    160.00    60.00      0.0000
  15   0     1.0343      0.00    0.00    126.70    23.00      0.0000
  16   0     1.0315      0.00    0.00      0.00     0.00      0.0000
  17   0     1.0649      0.00    0.00    561.00   220.00      0.0000
  19   0     0.9820      0.00    0.00      0.00     0.00      0.0000
  20   2     1.0010    -10.00    0.00    595.00   120.00      0.0000
  21   0     0.9752      0.00    0.00     77.00     1.00      0.0000
  22   0     0.9963      0.00    0.00     81.00    23.00      0.0000
  23   0     1.0501      0.00    0.00     21.00     7.00      0.0000
  24   0     1.0057      0.00    0.00      0.00     0.00      0.0000
  25   0     1.0234      0.00    0.00     45.00    12.00      0.0000
  26   0     0.9986      0.00    0.00     28.00     9.00      0.0000
  27   0     0.9750      0.00    0.00     69.00    13.00      0.0000
  33   0     1.0244      0.00    0.00     55.00     6.00      0.0000
  34   0     1.0414      0.00    0.00      0.00     0.00      0.0000
  35   0     0.9757      0.00    0.00      0.00     0.00      0.0000
  36   0     1.0011      0.00    0.00      0.00     0.00      0.0000
  37   0     1.0201      0.00    0.00     85.00    32.00      0.0000
  38   0     1.0202      0.00    0.00    155.00    18.00      0.0000
  39   0     1.0535      0.00    0.00      0.00     0.00      0.0000
  40   0     1.0216      0.00    0.00     46.00   -21.00      0.0000
  41   0     1.0292      0.00    0.00     86.00     0.00      0.0000
  42   0     1.0448      0.00    0.00      0.00     0.00      0.0000
  43   0     1.0006      0.00    0.00     39.00     9.00      0.0000
  44   0     1.0086      0.00    0.00    195.00    29.00      0.0000
  45   0     1.0215      0.00    0.00      0.00     0.00      0.0000
  46   0     1.0344      0.00    0.00      0.00     0.00      0.0000
  47   0     0.9777      0.00    0.00     58.00    11.80      0.0000
  48   0     1.0019      0.00    0.00     41.00    19.00      0.0000
  49   0     1.0475      0.00    0.00     92.00    26.00      0.0000
  51   0     1.0253      0.00    0.00     -5.00     5.00      0.0000
  52   0     0.9979      0.00    0.00     61.00    28.00      0.0000
  53   0     0.9959      0.00    0.00     69.00     3.00      0.0000
  54   0     1.0050      0.00    0.00     10.00     1.00      0.0000
  55   0     1.0150      0.00    0.00     22.00    10.00      0.0000
  57   0     1.0335      0.00    0.00     98.00    20.00      0.0000
  58   0     0.9918      0.00    0.00     14.00     1.00      0.0000
  59   0     0.9789      0.00    0.00    218.00   106.00      0.0000
  60   0     1.0246      0.00    0.00      0.00     0.00      0.0000
  61   0     0.9906      0.00    0.00    227.00   110.00      0.0000
  62   0     1.0160      0.00    0.00      0.00     0.00      0.0000
  63   2     0.9583      0.00    0.00     70.00    30.00      0.0000
  64   0     0.9480      0.00    0.00      0.00     0.00      0.0000
  69   0     0.9630      0.00    0.00      0.00     0.00      0.0000
  70   0     0.9513      0.00    0.00     56.00    20.00      0.0000
  71   0     0.9793      0.00    0.00    116.00    38.00      0.0000
  72   0     0.9696      0.00    0.00     57.00    19.00      0.0000
  73   0     0.9775      0.00    0.00    224.00    71.00      0.0000
  74   0     0.9964      0.00    0.00      0.00     0.00      0.0000
  76   2     0.9632      0.00    0.00    208.00   107.00      0.0000
  77   0     0.9837      0.00    0.00     74.00    28.00      0.0000
  78   0     0.9900      0.00    0.00      0.00     0.00      0.0000
  79   0     0.9820      0.00    0.00     48.00    14.00      0.0000
  80   0     0.9872      0.00    0.00     28.00     7.00      0.0000
  81   0     1.0340      0.00    0.00      0.00     0.00      0.0000
  84   2     1.0250    375.00    0.00     37.00    13.00      0.0000
  85   0     0.9872      0.00    0.00      0.00     0.00      0.0000
  86   0     0.9909      0.00    0.00      0.00     0.00      0.0000
  87   0     0.9921      0.00    0.00      0.00     0.00      0.0000
  88   0     1.0151      0.00    0.00      0.00     0.00      0.0000
  89   0     1.0317      0.00    0.00     44.20     0.00      0.0000
  90   0     1.0272      0.00    0.00     66.00     0.00      0.0000
  91   2     1.0520    155.00    0.00     17.40     0.00      0.0000
  92   2     1.0520    290.00    0.00     15.80     0.00      0.0000
  94   0     0.9930      0.00    0.00     60.30     0.00      0.0000
  97   0     1.0183      0.00    0.00     39.90     0.00      0.0000
  98   2     1.0000     68.00    0.00     66.70     0.00      0.0000
  99   0     0.9894      0.00    0.00     83.50     0.00      0.0000
 100   0     1.0060      0.00    0.00      0.00     0.00      0.0000
 102   0     1.0008      0.00    0.00     77.80     0.00      0.0000
 103   0     1.0288      0.00    0.00     32.00     0.00      0.0000
 104   0     0.9958      0.00    0.00      8.60     0.00      0.0000
 105   0     1.0223      0.00    0.00     49.60     0.00      0.0000
 107   0     1.0095      0.00    0.00      4.60     0.00      0.0000
 108   2     0.9900    117.00    0.00    112.10     0.00      0.0000
 109   0     0.9749      0.00    0.00     30.70     0.00      0.0000
 110   0     0.9730      0.00    0.00     63.00     0.00      0.0000
 112   0     0.9725      0.00    0.00     19.60     0.00      0.0000
 113   0     0.9700      0.00    0.00     26.20     0.00      0.0000
 114   0     0.9747      0.00    0.00     18.20     0.00      0.0000
 115   0     0.9603      0.00    0.00      0.00     0.00      0.0000
 116   0     1.0249      0.00    0.00      0.00     0.00      0.0000
 117   0     0.9348      0.00    0.00      0.00     0.00      3.2500
 118   0     0.9298      0.00    0.00     14.10   650.00      0.0000
 119   2     1.0435   1930.00    0.00      0.00     0.00      0.0000
 120   0     0.9584      0.00    0.00    777.00   215.00      0.5500
 121   0     0.9871      0.00    0.00    535.00    55.00      0.0000
 122   0     0.9728      0.00    0.00    229.10    11.80      0.0000
 123   0     1.0006      0.00    0.00     78.00     1.40      0.0000
 124   2     1.0233    240.00    0.00    276.40    59.30      0.0000
 125   2     1.0103      0.00    0.00    514.80    82.70      0.0000
 126   0     0.9978      0.00    0.00     57.90     5.10      0.0000
 127   0     1.0001      0.00    0.00    380.80    37.00      0.0000
 128   0     1.0024      0.00    0.00      0.00     0.00      0.0000
 129   0     1.0028      0.00    0.00      0.00     0.00      0.0000
 130   0     1.0191      0.00    0.00      0.00     0.00      0.0000
 131   0     0.9861      0.00    0.00      0.00     0.00      0.0000
 132   0     1.0045      0.00    0.00      0.00     0.00      0.0000
 133   0     1.0020      0.00    0.00      0.00     0.00      0.0000
 134   0     1.0220      0.00    0.00      0.00     0.00      0.0000
 135   0     1.0193      0.00    0.00    169.20    41.60      0.0000
 136   0     1.0476      0.00    0.00     55.20    18.20      0.0000
 137   0     1.0471      0.00    0.00    273.60    99.80      0.0000
 138   2     1.0550   -192.50    0.00    826.70   135.20      0.0000
 139   0     1.0117      0.00    0.00    595.00    83.30      0.0000
 140   0     1.0430      0.00    0.00    387.70   114.70      0.0000
 141   2     1.0510    281.00    0.00    145.00    58.00      0.0000
 142   0     1.0155      0.00    0.00     56.50    24.50      0.0000
 143   2     1.0435    696.00    0.00     89.50    35.50      0.0000
 144   0     1.0160      0.00    0.00      0.00     0.00      0.0000
 145   0     1.0081      0.00    0.00     24.00    14.00      0.0000
 146   2     1.0528     84.00    0.00      0.00     0.00      0.0000
 147   2     1.0528    217.00    0.00      0.00     0.00      0.0000
 148   0     1.0577      0.00    0.00     63.00    25.00      0.0000
 149   2     1.0735    103.00    0.00      0.00     0.00      0.0000
 150   0     0.9869      0.00    0.00      0.00     0.00      0.0000
 151   0     1.0048      0.00    0.00      0.00     0.00      0.0000
 152   2     1.0535    372.00    0.00     17.00     9.00      0.0000
 153   2     1.0435    216.00    0.00      0.00     0.00      0.0000
 154   0     0.9663      0.00    0.00     70.00     5.00      0.3450
 155   0     1.0177      0.00    0.00    200.00    50.00      0.0000
 156   2     0.9630      0.00    0.00     75.00    50.00      0.0000
 157   0     0.9845      0.00    0.00    123.50   -24.30      0.0000
 158   0     0.9987      0.00    0.00      0.00     0.00      0.0000
 159   0     0.9867      0.00    0.00     33.00    16.50      0.0000
 160   0     0.9998      0.00    0.00      0.00     0.00      0.0000
 161   0     1.0360      0.00    0.00     35.00    15.00      0.0000
 162   0     0.9918      0.00    0.00     85.00    24.00      0.0000
 163   0     1.0410      0.00    0.00      0.00     0.40      0.0000
 164   0     0.9839      0.00    0.00      0.00     0.00      2.1200
 165   0     1.0002      0.00    0.00      0.00     0.00      0.0000
 166   0     0.9973      0.00    0.00      0.00     0.00      1.0300
 167   0     0.9715      0.00    0.00    299.90    95.70      0.0000
 168   0     1.0024      0.00    0.00      0.00     0.00      0.0000
 169   0     0.9879      0.00    0.00      0.00     0.00      0.0000
 170   2     0.9290    205.00    0.00    481.80   205.00      0.0000
 171   2     0.9829      0.00    0.00    763.60   291.10      0.0000
 172   0     1.0244      0.00    0.00     26.50     0.00      0.0000
 173   0     0.9837      0.00    0.00    163.50    43.00      0.5300
 174   0     1.0622      0.00    0.00      0.00     0.00      0.0000
 175   0     0.9730      0.00    0.00    176.00    83.00      0.0000
 176   2     1.0522    228.00    0.00      5.00     4.00      0.0000
 177   2     1.0077     84.00    0.00     28.00    12.00      0.0000
 178   0     0.9397      0.00    0.00    427.40   173.60      0.0000
 179   0     0.9699      0.00    0.00     74.00    29.00      0.4500
 180   0     0.9793      0.00    0.00     69.50    49.30      0.0000
 181   0     1.0518      0.00    0.00     73.40     0.00      0.0000
 182   0     1.0447      0.00    0.00    240.70    89.00      0.0000
 183   0     0.9717      0.00    0.00     40.00     4.00      0.0000
 184   0     1.0386      0.00    0.00    136.80    16.60      0.0000
 185   2     1.0522    200.00    0.00      0.00     0.00      0.0000
 186   2     1.0650   1200.00    0.00     59.80    24.30      0.0000
 187   2     1.0650   1200.00    0.00     59.80    24.30      0.0000
 188   0     1.0533      0.00    0.00    182.60    43.60      0.0000
 189   0     0.9975      0.00    0.00      7.00     2.00      0.0000
 190   2     1.0551    475.00    0.00      0.00     0.00      1.5000
 191   2     1.0435   1973.00    0.00    489.00    53.00      0.0000
 192   0     0.9374      0.00    0.00    800.00    72.00      0.0000
 193   0     0.9897      0.00    0.00      0.00     0.00      0.0000
 194   0     1.0489      0.00    0.00      0.00     0.00      0.0000
 195   0     1.0357      0.00    0.00      0.00     0.00      0.0000
 196   0     0.9695      0.00    0.00     10.00     3.00      0.0000
 197   0     0.9907      0.00    0.00     43.00    14.00      0.0000
 198   2     1.0150    424.00    0.00     64.00    21.00      0.0000
 199   0     0.9528      0.00    0.00     35.00    12.00      0.0000
 200   0     0.9550      0.00    0.00     27.00    12.00      0.0000
 201   0     0.9692      0.00    0.00     41.00    14.00      0.0000
 202   0     0.9908      0.00    0.00     38.00    13.00      0.0000
 203   0     1.0033      0.00    0.00     42.00    14.00      0.0000
 204   0     0.9718      0.00    0.00     72.00    24.00      0.0000
 205   0     0.9838      0.00    0.00      0.00    -5.00      0.0000
 206   0     0.9992      0.00    0.00     12.00     2.00      0.0000
 207   0     1.0137      0.00    0.00    -21.00   -14.20      0.0000
 208   0     0.9929      0.00    0.00      7.00     2.00      0.0000
 209   0     0.9999      0.00    0.00     38.00    13.00      0.0000
 210   0     0.9788      0.00    0.00      0.00     0.00      0.0000
 211   0     1.0017      0.00    0.00     96.00     7.00      0.0000
 212   0     1.0132      0.00    0.00      0.00     0.00      0.0000
 213   2     1.0100    272.00    0.00      0.00     0.00      0.0000
 214   0     0.9919      0.00    0.00     22.00    16.00      0.0000
 215   0     0.9866      0.00    0.00     47.00    26.00      0.0000
 216   0     0.9751      0.00    0.00    176.00   105.00      0.0000
 217   0     1.0215      0.00    0.00    100.00    75.00      0.0000
 218   0     1.0075      0.00    0.00    131.00    96.00      0.0000
 219   0     1.0554      0.00    0.00      0.00     0.00      0.0000
 220   2     1.0080    100.00    0.00    285.00   100.00      0.0000
 221   2     1.0000    450.00    0.00    171.00    70.00      0.0000
 222   2     1.0500    250.00    0.00    328.00   188.00      0.0000
 223   0     0.9965      0.00    0.00    428.00   232.00      0.0000
 224   0     1.0002      0.00    0.00    173.00    99.00      0.0000
 225   0     0.9453      0.00    0.00    410.00    40.00      0.0000
 226   0     1.0180      0.00    0.00      0.00     0.00      0.0000
 227   2     1.0000    303.00    0.00    538.00   369.00      0.0000
 228   0     1.0423      0.00    0.00    223.00   148.00      0.0000
 229   0     1.0496      0.00    0.00     96.00    46.00      0.0000
 230   2     1.0400    345.00    0.00      0.00     0.00      0.0000
 231   0     1.0535      0.00    0.00    159.00   107.00      3.0000
 232   0     1.0414      0.00    0.00    448.00   143.00      0.0000
 233   2     1.0000    300.00    0.00    404.00   212.00      0.0000
 234   0     1.0387      0.00    0.00    572.00   244.00      0.0000
 235   0     1.0095      0.00    0.00    269.00   157.00      0.0000
 236   2     1.0165    600.00    0.00      0.00     0.00      0.0000
 237   0     1.0558      0.00    0.00      0.00     0.00      0.0000
 238   2     1.0100    250.00    0.00    255.00   149.00      1.5000
 239   2     1.0000    550.00    0.00      0.00     0.00      0.0000
 240   0     1.0237      0.00    0.00      0.00     0.00      1.4000
 241   2     1.0500    575.43    0.00      0.00     0.00      0.0000
 242   2     0.9930    170.00    0.00      0.00     0.00      0.0000
 243   2     1.0100     84.00    0.00      8.00     3.00      0.0000
 244   0     0.9921      0.00    0.00      0.00     0.00      0.0000
 245   0     0.9711      0.00    0.00     61.00    30.00      0.0000
 246   0     0.9651      0.00    0.00     77.00    33.00      0.0000
 247   0     0.9688      0.00    0.00     61.00    30.00      0.0000
 248   0     0.9760      0.00    0.00     29.00    14.00      0.4560
 249   0     0.9752      0.00    0.00     29.00    14.00      0.0000
 250   0     1.0196      0.00    0.00    -23.00   -17.00      0.0000
 281   0     1.0251      0.00    0.00    -33.10   -29.40      0.0000
 319   0     1.0152      0.00    0.00    115.80   -24.00      0.0000
 320   0     1.0146      0.00    0.00      2.40   -12.60      0.0000
 322   0     1.0005      0.00    0.00      2.40    -3.90      0.0000
 323   0     0.9810      0.00    0.00    -14.90    26.50      0.0000
 324   0     0.9750      0.00    0.00     24.70    -1.20      0.0000
 526   0     0.9429      0.00    0.00    145.30   -34.90      0.0000
 528   0     0.9723      0.00    0.00     28.10   -20.50      0.0000
 531   0     0.9604      0.00    0.00     14.00     2.50      0.0000
 552   0     1.0009      0.00    0.00    -11.10    -1.40      0.0000
 562   0     0.9777      0.00    0.00     50.50    17.40      0.0000
 609   0     0.9583      0.00    0.00     29.60     0.60      0.0000
 664   0     1.0309      0.00    0.00   -113.70    76.70      0.0000
1190   0     1.0128      0.00    0.00    100.31    29.17      0.0000
1200   0     1.0244      0.00    0.00   -100.00    34.17      0.0000
1201   0     1.0122      0.00    0.00      0.00     0.00      0.0000
2040   0     0.9653      0.00    0.00      0.00     0.00      0.0000
7001   2     1.0507    467.00    0.00      0.00     0.00      0.0000
7002   2     1.0507    623.00    0.00      0.00     0.00      0.0000
7003   2     1.0323   1210.00    0.00      0.00     0.00      0.0000
7011   2     1.0145    234.00    0.00      0.00     0.00      0.0000
7012   2     1.0507    372.00    0.00      0.00     0.00      0.0000
7017   2     1.0507    330.00    0.00      0.00     0.00      0.0000
7023   2     1.0507    185.00    0.00      0.00     0.00      0.0000
7024   2     1.0290    410.00    0.00      0.00     0.00      0.0000
7039   2     1.0500    500.00    0.00      0.00     0.00      0.0000
7044   2     1.0145     37.00    0.00      0.00     0.00      0.0000
7049   3     1.0507      0.00    0.00      0.00     0.00      0.0000
7055   2     0.9967     45.00    0.00      0.00     0.00      0.0000
7057   2     1.0212    165.00    0.00      0.00     0.00      0.0000
7061   2     1.0145    400.00    0.00      0.00     0.00      0.0000
7062   2     1.0017    400.00    0.00      0.00     0.00      0.0000
7071   2     0.9893    116.00    0.00      0.00     0.00      0.0000
7130   2     1.0507   1292.00    0.00      0.00     0.00      0.0000
7139   2     1.0507    700.00    0.00      0.00     0.00      0.0000
7166   2     1.0145    553.00    0.00      0.00     0.00      0.0000
9001   0     1.0117      0.00    0.00      0.00     0.00      0.0000
9002   2     0.9945     -4.20    0.00      0.00     0.00      0.0000
9003   0     0.9833      0.00    0.00      2.71     0.94      0.0240
9004   0     0.9768      0.00    0.00      0.86     0.28      0.0000
9005   0     1.0117      0.00    0.00      0.00     0.00      0.0000
9006   0     1.0029      0.00    0.00      0.00     0.00      0.0000
9007   0     0.9913      0.00    0.00      0.00     0.00      0.0000
9012   0     1.0023      0.00    0.00      0.00     0.00      0.0000
9021   0     0.9887      0.00    0.00      4.75     1.56      0.0000
9022   0     0.9648      0.00    0.00      1.53     0.53      0.0000
9023   0     0.9747      0.00    0.00      0.00     0.00      0.0000
9024   0     0.9706      0.00    0.00      1.35     0.47      0.0000
9025   0     0.9649      0.00    0.00      0.45     0.16      0.0000
9026   0     0.9657      0.00    0.00      0.45     0.16      0.0000
9031   0     0.9318      0.00    0.00      1.84     0.64      0.0000
9032   0     0.9441      0.00    0.00      1.39     0.48      0.0000
9033   0     0.9286      0.00    0.00      1.89     0.65      0.0000
9034   0     0.9973      0.00    0.00      1.55     0.54      0.0172
9035   0     0.9506      0.00    0.00      1.66     0.58      0.0000
9036   0     0.9598      0.00    0.00      3.03     1.00      0.0000
9037   0     0.9570      0.00    0.00      1.86     0.64      0.0000
9038   0     0.9391      0.00    0.00      2.58     0.89      0.0000
9041   0     0.9636      0.00    0.00      1.01     0.35      0.0000
9042   0     0.9501      0.00    0.00      0.81     0.28      0.0000
9043   0     0.9646      0.00    0.00      1.60     0.52      0.0000
9044   0     0.9790      0.00    0.00      0.00     0.00      0.0000
9051   2     1.0000    -35.81    0.00      0.00     0.00      0.0000
9052   0     0.9786      0.00    0.00     30.00    23.00      0.0000
9053   2     1.0000    -26.48    0.00      0.00     0.00      0.0000
9054   2     1.0000     50.00    0.00      0.00     0.00      0.0000
9055   2     1.0000      8.00    0.00      0.00     0.00      0.0000
9071   0     0.9752      0.00    0.00      1.02     0.35      0.0000
9072   0     0.9803      0.00    0.00      1.02     0.35      0.0000
9121   0     0.9799      0.00    0.00      3.80     1.25      0.0000
9533   0     1.0402      0.00    0.00      1.19     0.41      0.0000



  37 9001    0.000060  0.000460   0.00000
9001 9005    0.000800  0.003480   0.00000
9001 9006    0.024390  0.436820   0.00000
9001 9012    0.036240  0.648980   0.00000
9005 9051    0.015780  0.374860   0.00000
9005 9052    0.015780  0.374860   0.00000
9005 9053    0.016020  0.380460   0.00000
9005 9054    0.000000  0.152000   0.00000
9005 9055    0.000000  0.800000   0.00000
9006 9007    0.055580  0.246660   0.00000
9006 9003    0.111180  0.493320   0.00000
9006 9003    0.111180  0.493320   0.00000
9012 9002    0.076220  0.432860   0.00000
9012 9002    0.076220  0.432860   0.00000
9002 9021    0.053700  0.070260   0.00000
9021 9023    1.106800  0.952780   0.00000
9021 9022    0.443640  2.815200   0.00000
9002 9024    0.507480  3.220200   0.00000
9023 9025    0.666880  3.944000   0.00000
9023 9026    0.611300  3.615200   0.00000
9007 9071    0.441200  2.966800   0.00000
9007 9072    0.307920  2.057000   0.00000
9007 9003    0.055800  0.246660   0.00000
9003 9031    0.736330  4.672400   0.00000
9003 9032    0.769780  4.884600   0.00000
9003 9033    0.757320  4.805600   0.00000
9003 9044    0.073780  0.063520   0.00000
9044 9004    0.038320  0.028940   0.00000
9004 9041    0.366140  2.456000   0.00000
9004 9042    1.059300  5.453600   0.00000
9004 9043    0.156700  1.699400   0.00000
9003 9034    0.130060  1.391200   0.00000
9003 9035    0.544840  3.457200   0.00000
9003 9036    0.154260  1.672900   0.00000
9003 9037    0.384900  2.571200   0.00000
9003 9038    0.441200  2.966800   0.00000
9012 9121    0.235520  0.990360   0.00000
9053 9533    0.000000  0.750000   0.00000
   1    5    0.001000  0.006000   0.00000
   2    6    0.001000  0.009000   0.00000
   2    8    0.006000  0.027000   0.05400
   3    7    0.000000  0.003000   0.00000
   3   19    0.008000  0.069000   0.13900
   3  150    0.001000  0.007000   0.00000
   4   16    0.002000  0.019000   1.12700
   5    9    0.006000  0.029000   0.01800
   7   12    0.001000  0.009000   0.07000
   7  131    0.001000  0.007000   0.01400
   8   11    0.013000  0.059500   0.03300
   8   14    0.013000  0.042000   0.08100
   9   11    0.006000  0.027000   0.01300
  11   13    0.008000  0.034000   0.01800
  12   21    0.002000  0.015000   0.11800
  13   20    0.006000  0.034000   0.01600
  14   15    0.014000  0.042000   0.09700
  15   37    0.065000  0.248000   0.12100
  15   89    0.099000  0.248000   0.03500
  15   90    0.096000  0.363000   0.04800
  16   42    0.002000  0.022000   1.28000
  19   21    0.002000  0.018000   0.03600
  19   87    0.013000  0.080000   0.15100
  20   22    0.016000  0.033000   0.01500
  20   27    0.069000  0.186000   0.09800
  21   24    0.004000  0.034000   0.28000
  22   23    0.052000  0.111000   0.05000
  23   25    0.019000  0.039000   0.01800
  24  319    0.007000  0.068000   0.13400
  25   26    0.036000  0.071000   0.03400
  26   27    0.045000  0.120000   0.06500
  26  320    0.043000  0.130000   0.01400
  33   34    0.000000  0.063000   0.00000
  33   38    0.002500  0.012000   0.01300
  33   40    0.006000  0.029000   0.02000
  33   41    0.007000  0.043000   0.02600
  34   42    0.001000  0.008000   0.04200
  35   72    0.012000  0.060000   0.00800
  35   76    0.006000  0.014000   0.00200
  35   77    0.010000  0.029000   0.00300
  36   88    0.004000  0.027000   0.04300
  37   38    0.008000  0.047000   0.00800
  37   40    0.022000  0.064000   0.00700
  37   41    0.010000  0.036000   0.02000
  37   49    0.017000  0.081000   0.04800
  37   89    0.102000  0.254000   0.03300
  37   90    0.047000  0.127000   0.01600
  38   41    0.008000  0.037000   0.02000
  38   43    0.032000  0.087000   0.04000
  39   42    0.000600  0.006400   0.40400
  40   48    0.026000  0.154000   0.02200
  41   42    0.000000  0.029000   0.00000
  41   49    0.065000  0.191000   0.02000
  41   51    0.031000  0.089000   0.03600
  42   46    0.002000  0.014000   0.80600
  43   44    0.026000  0.072000   0.03500
  43   48    0.095000  0.262000   0.03200
  43   53    0.013000  0.039000   0.01600
  44   47    0.027000  0.084000   0.03900
  44   54    0.028000  0.084000   0.03700
  45   60    0.007000  0.041000   0.31200
  45   74    0.009000  0.054000   0.41100
  46   81    0.005000  0.042000   0.69000
  47   73    0.052000  0.145000   0.07300
  47  113    0.043000  0.118000   0.01300
  48  107    0.025000  0.062000   0.00700
  49   51    0.031000  0.094000   0.04300
  51   52    0.037000  0.109000   0.04900
  52   55    0.027000  0.080000   0.03600
  53   54    0.025000  0.073000   0.03500
  54   55    0.035000  0.103000   0.04700
  55   57    0.065000  0.169000   0.08200
  57   58    0.046000  0.080000   0.03600
  57   63    0.159000  0.537000   0.07100
  58   59    0.009000  0.026000   0.00500
  59   61    0.002000  0.013000   0.01500
  60   62    0.009000  0.065000   0.48500
  62   64    0.016000  0.105000   0.20300
  62  144    0.001000  0.007000   0.01300
  63  526    0.026500  0.172000   0.02600
  69  211    0.051000  0.232000   0.02800
  69   79    0.051000  0.157000   0.02300
  70   71    0.032000  0.100000   0.06200
  70  528    0.020000  0.123400   0.02800
  71   72    0.036000  0.131000   0.06800
  71   73    0.034000  0.099000   0.04700
  72   77    0.018000  0.087000   0.01100
  72  531    0.025600  0.193000   0.00000
  73   76    0.021000  0.057000   0.03000
  73   79    0.018000  0.052000   0.01800
  74   88    0.004000  0.027000   0.05000
  74  562    0.028600  0.201300   0.37900
  76   77    0.016000  0.043000   0.00400
  77   78    0.001000  0.006000   0.00700
  77   80    0.014000  0.070000   0.03800
  77  552    0.089100  0.267600   0.02900
  77  609    0.078200  0.212700   0.02200
  78   79    0.006000  0.022000   0.01100
  78   84    0.000000  0.036000   0.00000
  79  211    0.099000  0.375000   0.05100
  80  211    0.022000  0.107000   0.05800
  81  194    0.003500  0.033000   0.53000
  81  195    0.003500  0.033000   0.53000
  85   86    0.008000  0.064000   0.12800
  86   87    0.012000  0.093000   0.18300
  86  323    0.006000  0.048000   0.09200
  89   91    0.047000  0.119000   0.01400
  90   92    0.032000  0.174000   0.02400
  91   94    0.100000  0.253000   0.03100
  91   97    0.022000  0.077000   0.03900
  92  103    0.019000  0.144000   0.01700
  92  105    0.017000  0.092000   0.01200
  94   97    0.278000  0.427000   0.04300
  97  100    0.022000  0.053000   0.00700
  97  102    0.038000  0.092000   0.01200
  97  103    0.048000  0.122000   0.01500
  98  100    0.024000  0.064000   0.00700
  98  102    0.034000  0.121000   0.01500
  99  107    0.053000  0.135000   0.01700
  99  108    0.002000  0.004000   0.00200
  99  109    0.045000  0.354000   0.04400
  99  110    0.050000  0.174000   0.02200
 100  102    0.016000  0.038000   0.00400
 102  104    0.043000  0.064000   0.02700
 103  105    0.019000  0.062000   0.00800
 104  108    0.076000  0.130000   0.04400
 104  322    0.044000  0.124000   0.01500
 105  107    0.012000  0.088000   0.01100
 105  110    0.157000  0.400000   0.04700
 108  324    0.074000  0.208000   0.02600
 109  110    0.070000  0.184000   0.02100
 109  113    0.100000  0.274000   0.03100
 109  114    0.109000  0.393000   0.03600
 110  112    0.142000  0.404000   0.05000
 112  114    0.017000  0.042000   0.00600
 115  122    0.003600  0.019900   0.00400
 116  120    0.002000  0.104900   0.00100
 117  118    0.000100  0.001800   0.01700
 118  119    0.000000  0.027100   0.00000
 118 1201    0.000000  0.616300   0.00000
1201  120    0.000000 -0.369700   0.00000
 118  121    0.002200  0.291500   0.00000
 119  120    0.000000  0.033900   0.00000
 119  121    0.000000  0.058200   0.00000
 122  123    0.080800  0.234400   0.02900
 122  125    0.096500  0.366900   0.05400
 123  124    0.036000  0.107600   0.11700
 123  125    0.047600  0.141400   0.14900
 125  126    0.000600  0.019700   0.00000
 126  127    0.005900  0.040500   0.25000
 126  129    0.011500  0.110600   0.18500
 126  132    0.019800  0.168800   0.32100
 126  157    0.005000  0.050000   0.33000
 126  158    0.007700  0.053800   0.33500
 126  169    0.016500  0.115700   0.17100
 127  128    0.005900  0.057700   0.09500
 127  134    0.004900  0.033600   0.20800
 127  168    0.005900  0.057700   0.09500
 128  130    0.007800  0.077300   0.12600
 128  133    0.002600  0.019300   0.03000
 129  130    0.007600  0.075200   0.12200
 129  133    0.002100  0.018600   0.03000
 130  132    0.001600  0.016400   0.02600
 130  151    0.001700  0.016500   0.02600
 130  167    0.007900  0.079300   0.12700
 130  168    0.007800  0.078400   0.12500
 133  137    0.001700  0.011700   0.28900
 133  168    0.002600  0.019300   0.03000
 133  169    0.002100  0.018600   0.03000
 133  171    0.000200  0.010100   0.00000
 134  135    0.004300  0.029300   0.18000
 134  184    0.003900  0.038100   0.25800
 135  136    0.009100  0.062300   0.38500
 136  137    0.012500  0.089000   0.54000
 136  152    0.005600  0.039000   0.95300
 137  140    0.001500  0.011400   0.28400
 137  181    0.000500  0.003400   0.02100
 137  186    0.000700  0.015100   0.12600
 137  188    0.000500  0.003400   0.02100
 139  172    0.056200  0.224800   0.08100
 140  141    0.012000  0.083600   0.12300
 140  142    0.015200  0.113200   0.68400
 140  145    0.046800  0.336900   0.51900
 140  146    0.043000  0.303100   0.46300
 140  147    0.048900  0.349200   0.53800
 140  182    0.001300  0.008900   0.11900
 141  146    0.029100  0.226700   0.34200
 142  143    0.006000  0.057000   0.76700
 143  145    0.007500  0.077300   0.11900
 143  149    0.012700  0.090900   0.13500
 145  146    0.008500  0.058800   0.08700
 145  149    0.021800  0.151100   0.22300
 146  147    0.007300  0.050400   0.07400
 148  178    0.052300  0.152600   0.07400
 148  179    0.137100  0.391900   0.07600
 152  153    0.013700  0.095700   0.14100
 153  161    0.005500  0.028800   0.19000
 154  156    0.174600  0.316100   0.04000
 154  183    0.080400  0.305400   0.04500
 155  161    0.011000  0.056800   0.38800
 157  159    0.000800  0.009800   0.06900
 158  159    0.002900  0.028500   0.19000
 158  160    0.006600  0.044800   0.27700
 162  164    0.002400  0.032600   0.23600
 162  165    0.001800  0.024500   1.66200
 163  164    0.004400  0.051400   3.59700
 165  166    0.000200  0.012300   0.00000
 167  169    0.001800  0.017800   0.02900
 172  173    0.066900  0.484300   0.06300
 172  174    0.055800  0.221000   0.03100
 173  174    0.080700  0.333100   0.04900
 173  175    0.073900  0.307100   0.04300
 173  176    0.179900  0.501700   0.06900
 175  176    0.090400  0.362600   0.04800
 175  179    0.077000  0.309200   0.05400
 176  177    0.025100  0.082900   0.04700
 177  178    0.022200  0.084700   0.05000
 178  179    0.049800  0.185500   0.02900
 178  180    0.006100  0.029000   0.08400
 181  138    0.000400  0.020200   0.00000
 181  187    0.000400  0.008300   0.11500
 184  185    0.002500  0.024500   0.16400
 186  188    0.000700  0.008600   0.11500
 187  188    0.000700  0.008600   0.11500
 188  138    0.000400  0.020200   0.00000
 189  208    0.033000  0.095000   0.00000
 189  209    0.046000  0.069000   0.00000
 190  231    0.000400  0.002200   6.20000
 190  240    0.000000  0.027500   0.00000
 191  192    0.003000  0.048000   0.00000
 192  225    0.002000  0.009000   0.00000
 193  205    0.045000  0.063000   0.00000
 193  208    0.048000  0.127000   0.00000
 194  219    0.003100  0.028600   0.50000
 194  664    0.002400  0.035500   0.36000
 195  219    0.003100  0.028600   0.50000
 196  197    0.014000  0.040000   0.00400
 196  210    0.030000  0.081000   0.01000
 197  198    0.010000  0.060000   0.00900
 197  211    0.015000  0.040000   0.00600
 198  202    0.332000  0.688000   0.00000
 198  203    0.009000  0.046000   0.02500
 198  210    0.020000  0.073000   0.00800
 198  211    0.034000  0.109000   0.03200
 199  200    0.076000  0.135000   0.00900
 199  210    0.040000  0.102000   0.00500
 200  210    0.081000  0.128000   0.01400
 201  204    0.124000  0.183000   0.00000
 203  211    0.010000  0.059000   0.00800
 204  205    0.046000  0.068000   0.00000
 205  206    0.302000  0.446000   0.00000
 206  207    0.073000  0.093000   0.00000
 206  208    0.240000  0.421000   0.00000
 212  215    0.013900  0.077800   0.08600
 213  214    0.002500  0.038000   0.00000
 214  215    0.001700  0.018500   0.02000
 214  242    0.001500  0.010800   0.00200
 215  216    0.004500  0.024900   0.02600
 216  217    0.004000  0.049700   0.01800
 217  218    0.000000  0.045600   0.00000
 217  219    0.000500  0.017700   0.02000
 217  220    0.002700  0.039500   0.83200
 219  237    0.000300  0.001800   5.20000
 220  218    0.003700  0.048400   0.43000
 220  221    0.001000  0.029500   0.50300
 220  238    0.001600  0.004600   0.40200
 221  223    0.000300  0.001300   1.00000
 222  237    0.001400  0.051400   0.33000
 224  225    0.010000  0.064000   0.48000
 224  226    0.001900  0.008100   0.86000
 225  191    0.001000  0.061000   0.00000
 226  231    0.000500  0.021200   0.00000
 227  231    0.000900  0.047200   0.18600
 228  229    0.001900  0.008700   1.28000
 228  231    0.002600  0.091700   0.00000
 228  234    0.001300  0.028800   0.81000
 229  190    0.000000  0.062600   0.00000
 231  232    0.000200  0.006900   1.36400
 231  237    0.000100  0.000600   3.57000
 232  233    0.001700  0.048500   0.00000
 234  235    0.000200  0.025900   0.14400
 234  237    0.000600  0.027200   0.00000
 235  238    0.000200  0.000600   0.80000
 241  237    0.000500  0.015400   0.00000
 240  281    0.000300  0.004300   0.00900
 242  245    0.008200  0.085100   0.00000
 242  247    0.011200  0.072300   0.00000
 243  244    0.012700  0.035500   0.00000
 243  245    0.032600  0.180400   0.00000
 244  246    0.019500  0.055100   0.00000
 245  246    0.015700  0.073200   0.00000
 245  247    0.036000  0.211900   0.00000
 246  247    0.026800  0.128500   0.00000
 247  248    0.042800  0.121500   0.00000
 248  249    0.035100  0.100400   0.00000
 249  250    0.061600  0.185700   0.00000
   3    1    0.000000  0.052000   0.00000
   3    2    0.000000  0.052000   0.00000
   3    4    0.000000  0.005000   0.00000
   7    5    0.000000  0.039000   0.00000
   7    6    0.000000  0.039000   0.00000
  10   11    0.000000  0.089000   0.00000
  12   10    0.000000  0.053000   0.00000
  15   17    0.019400  0.031100   0.00000
  16   15    0.001000  0.038000   0.00000
  21   20    0.000000  0.014000   0.00000
  24   23    0.000000  0.064000   0.00000
  36   35    0.000000  0.047000   0.00000
  45   44    0.000000  0.020000   0.00000
  45   46    0.000000  0.021000   0.00000
  62   61    0.000000  0.059000   0.00000
  63   64    0.000000  0.038000   0.00000
  73   74    0.000000  0.024400   0.00000
  81   88    0.000000  0.020000   0.00000
  85   99    0.000000  0.048000   0.00000
  86  102    0.000000  0.048000   0.00000
  87   94    0.000000  0.046000   0.00000
 114  207    0.000000  0.149000   0.00000
 116  124    0.005200  0.017400   0.00000
 121  115    0.000000  0.028000   0.00000
 122  157    0.000500  0.019500   0.00000
 130  131    0.000000  0.018000   0.00000
 130  150    0.000000  0.014000   0.00000
 132  170    0.001000  0.040200   0.00000
 141  174    0.002400  0.060300   0.00000
 142  175    0.002400  0.049800  -0.08700
 143  144    0.000000  0.083300   0.00000
 143  148    0.001300  0.037100   0.00000
 145  180    0.000500  0.018200   0.00000
 151  170    0.001000  0.039200   0.00000
 153  183    0.002700  0.063900   0.00000
 155  156    0.000800  0.025600   0.00000
 159  117    0.000000  0.016000   0.00000
 160  124    0.001200  0.039600   0.00000
 163  137    0.001300  0.038400  -0.05700
 164  155    0.000900  0.023100  -0.03300
 182  139    0.000300  0.013100   0.00000
 189  210    0.000000  0.252000   0.00000
 193  196    0.000000  0.237000   0.00000
 195  212    0.000800  0.036600   0.00000
 200  248    0.000000  0.220000   0.00000
 201   69    0.000000  0.098000   0.00000
 202  211    0.000000  0.128000   0.00000
 204 2040    0.020000  0.204000  -0.01200
 209  198    0.026000  0.211000   0.00000
 211  212    0.003000  0.012200   0.00000
 218  219    0.001000  0.035400  -0.01000
 223  224    0.001200  0.019500  -0.36400
 229  230    0.001000  0.033200   0.00000
 234  236    0.000500  0.016000   0.00000
 238  239    0.000500  0.016000   0.00000
 196 2040    0.000100  0.020000   0.00000
 119 1190    0.001000  0.023000   0.00000
 120 1200    0.000000  0.023000   0.00000
7002    2    0.001000  0.014600   0.00000
7003    3    0.000000  0.010540   0.00000
7061   61    0.000000  0.023800   0.00000
7062   62    0.000000  0.032140   0.00000
7166  166    0.000000  0.015400   0.00000
7024   24    0.000000  0.028900   0.00000
7001    1    0.000000  0.019530   0.00000
7130  130    0.000000  0.019300   0.00000
7011   11    0.000000  0.019230   0.00000
7023   23    0.000000  0.023000   0.00000
7049   49    0.000000  0.012400   0.00000
7139  139    0.000000  0.016700   0.00000
7012   12    0.000000  0.031200   0.00000
7017   17    0.000000  0.016540   0.00000
7039   39    0.000000  0.031590   0.00000
7057   57    0.000000  0.053470   0.00000
7044   44    0.000000  0.181810   0.00000
7055   55    0.000000  0.196070   0.00000
7071   71    0.000000  0.068960   0.00000
